[Location]
Latitude=45.688867
Longitude=-122.651783